asset,BTC,ETH,Gold,RUONIA,MOEX,OFZ
BTC,1.0000,0.6821,0.2525,-0.0532,0.1009,0.0214
ETH,0.6821,1.0000,0.1847,-0.0717,0.1397,0.0589
Gold,0.2525,0.1847,1.0000,-0.0138,-0.0819,-0.1596
RUONIA,-0.0532,-0.0717,-0.0138,1.0000,-0.0616,0.0912
MOEX,0.1009,0.1397,-0.0819,-0.0616,1.0000,0.5738
OFZ,0.0214,0.0589,-0.1596,0.0912,0.5738,1.0000
